50,52
50,51
50,50
50,49
50,48
50,47
50,46
50,45
50,44
50,43
50,42
50,41
50,40
50,39
50,38
50,37
50,36
50,35
48,5
48,4
48,3
48,2
48,1
48,0
47,3
47,2
10,271
10,223
10,229
10,147
10,23
47,1
10,21
47,0
10,117
10,17
46,3
46,2
11,19
11,9
46,1
11,5
46,0
45,4
11,29
45,3
45,2
11,13
11,17
8,4
8,2
8,3
45,1
45,0
44,3
44,2
44,1
44,0
42,3
42,2
42,1
42,0
41,3
41,2
41,1
41,0
40,3
40,2
40,1
40,0
38,3
38,2
38,1
38,0
37,3
37,2
37,1
37,0
34,4
34,3
34,2
34,1
34,0
20,3
20,2
20,1
19,3
19,2
19,1
18,3
18,1
14,3
14,1
13,3
13,1
12,3
12,2
12,1
11,23
11,21
11,11
11,7
11,3
11,2
11,1
10,277
10,205
